cooldef1:  coolingchannel, 
                nCoils=102,
                coilInnerRadius = {0.3*m},
                coilRadialThickness = {0.000001*m},
                coilLengthZ = {0.1333333*m},
                coilOffsetZ ={-25.3153, -24.6847, -24.3153, -23.6847, -23.3153, -22.6847, -22.3153, -21.6847, -21.3153, -20.6847, -20.3153, -19.6847, -19.3153, -18.6847, -18.3153, -17.6847, -17.3153, -16.6847, -16.3153, -15.6847, -15.3153, -14.6847, -14.3153, -13.6847, -13.3153, -12.6847, -12.3153, -11.6847, -11.3153, -10.6847, -10.3153, -9.6847, -9.3153, -8.6847, -8.3153, -7.6847, -7.3153, -6.6847, -6.3153, -5.6847, -5.3153, -4.6847, -4.3153, -3.6847, -3.3153, -2.6847, -2.3153, -1.6847, -1.3153, -0.6847, -0.3153, 0.3153, 0.6847, 1.3153, 1.6847, 2.3153, 2.6847, 3.3153, 3.6847, 4.3153, 4.6847, 5.3153, 5.6847, 6.3153, 6.6847, 7.3153, 7.6847, 8.3153, 8.6847, 9.3153, 9.6847, 10.3153, 10.6847, 11.3153, 11.6847, 12.3153, 12.6847, 13.3153, 13.6847, 14.3153, 14.6847, 15.3153, 15.6847, 16.3153, 16.6847, 17.3153, 17.6847, 18.3153, 18.6847, 19.3153, 19.6847, 20.3153, 20.6847, 21.3153, 21.6847, 22.3153, 22.6847, 23.3153, 23.6847, 24.3153, 24.6847, 25.3153},
                coilCurrent = {4900000, -4900000, 4900000, -4900000, 4900000, -4900000, 4900000, -4900000, 4900000, -4900000, 4900000, -4900000, 4900000, -4900000, 4900000, -4900000, 4900000, -4900000, 4900000, -4900000, 4900000, -4900000, 4900000, -4900000, 4900000, -4900000, 4900000, -4900000, 4900000, -4900000, 4900000, -4900000, 4900000, -4900000, 4900000, -4900000, 4900000, -4900000, 4900000, -4900000, 4900000, -4900000, 4900000, -4900000, 4900000, -4900000, 4900000, -4900000, 4900000, -4900000, 4900000, -4900000, 4900000, -4900000, 4900000, -4900000, 4900000, -4900000, 4900000, -4900000, 4900000, -4900000, 4900000, -4900000, 4900000, -4900000, 4900000, -4900000, 4900000, -4900000, 4900000, -4900000, 4900000, -4900000, 4900000, -4900000, 4900000, -4900000, 4900000, -4900000, 4900000, -4900000, 4900000, -4900000, 4900000, -4900000, 4900000, -4900000, 4900000, -4900000, 4900000, -4900000, 4900000, -4900000, 4900000, -4900000, 4900000, -4900000, 4900000, -4900000, 4900000, -4900000},
                coilMaterial = {"G4_Cu"},


                nAbsorbers = 2,
                absorberType = {"cylinder"},
                absorberMaterial = {"G4_LITHIUM_HYDRIDE"},
                absorberOffsetZ = {-0.5, 0.5},
                absorberCylinderLength = {3.42*cm},
                absorberCylinderRadius = {20*cm},
                absorberWedgeOpeningAngle = {0},
                absorberWedgeHeight = {0},
                absorberWedgeRotationAngle = {0},
                absorberWedgeOffsetX = {0},
                absorberWedgeOffsetY = {0},
                absorberWedgeApexToBase = {0},


                nRFCavities = 8,
                rfOffsetZ = {-0.1875, -0.0625, 0.0625, 0.1875, 0.8125, 0.9375, 1.0625, 1.1875},
                rfTimeOffset = {12.261707086690308, 12.733311205409166, 13.204915324128024, 13.676519442846882, 16.03454003644117, 16.50614415516003, 16.977748273878888, 17.449352392597746},
                rfLength  = {0.124*m},
                rfVoltage = {14.85},
                rfPhase = {0.0},
                rfFrequency={3.1416-0.27},
                rfWindowThickness = {0*um},
                rfWindowMaterial = {"G4_Be"},
                rfWindowRadius = {15*cm},
                rfCavityMaterial = {"G4_Cu"},
                rfCavityVacuumMaterial = {"vacuum"},
                rfCavityRadius = {163*mm},
                rfCavityThickness = {3*mm},


                magneticFieldModel="solenoidsheet",
                electricFieldModel="rfpillbox";
                
            mc1: muoncooler, l=51.0*m, horizontalWidth=2.2*m, coolingDefinition="cooldef1";

option, checkOverlaps=1,
        stopSecondaries=1,
        physicsList="qgsp_bic em muon";
beam, particle="mu-", momentum=200*MeV;
lat: line=(mc1);
use, period=lat;
